;car;passenger;bicycle;walk
0;0.9531084417034187;0.03353366835005193;0.013245676959736736;0.00011221298679317559
1;0.8680868356696754;0.12894028455389928;0.0015585985042486862;0.0014142812721766726
2;0.008147240245677563;0.9801806444466588;0.008118736363020018;0.0035533789446413164
3;0.008147240245677563;0.9801806444466588;0.008118736363020018;0.0035533789446413164
4;0.8024601020205403;0.19604170381428002;0.001049624714647184;0.0004485694505330518
5;0.6601186664929548;0.14574092163837346;0.011574465890929026;0.18256594597774367
6;0.8141578957506345;0.17876878863863896;0.0066175965976516034;0.00045571901307403246
7;0.9509914505065654;0.03313401305430235;0.01587071530817371;3.821130957750532e-06
8;0.9360922574650838;0.0606074593926593;0.0030736381290312983;0.00022664501322477095
9;0.008333387356843771;0.9823758353275633;0.008700825445912415;0.0005899518696809484
10;0.008333387356843771;0.9823758353275633;0.008700825445912415;0.0005899518696809484
11;0.9599924719681382;0.039787786973275494;0.00021974105858696576;4.46048638624034e-20
12;0.8792371206850716;0.11532557111775735;0.0027666680888528577;0.002670640108317981
13;0.9494209785376255;0.045578554712222906;0.0049977225891472505;2.744161004522794e-06
14;0.7603413044109723;0.2052155206686886;0.007244583434985896;0.027198591485352655
15;0.0019766507323666638;0.9713600405344678;0.005988796795655702;0.020674511937508844
16;0.0019766507323666638;0.9713600405344678;0.005988796795655702;0.020674511937508844
17;0.9587058814108714;0.03745145175409664;0.0038426668350223007;1.0190359988281255e-14
18;0.5257469409429963;0.08347316246610194;0.012576756009040962;0.37820314058186144
19;0.001968409788148608;0.569028874645035;0.014973116437744516;0.414029599129072
20;0.0010205055755972605;0.29362331470520014;0.012232405148878151;0.6931237745703249
21;0.7729019546121448;0.20691881153916883;0.018650646307414153;0.0015285875412715186
22;0.6622909280166158;0.10213352529350331;0.0076403019886094;0.22793524470127138
23;0.0020133084057913633;0.9813740097480681;0.01544843863436487;0.0011642432117734186
24;0.0020133084057913633;0.9813740097480681;0.01544843863436487;0.0011642432117734186
25;0.02080850373553418;0.006134197572603435;0.00046748520604720796;0.9725898134858145
26;0.9374737271071415;0.04659428247957736;0.015931956692317197;3.3720964206353826e-08
27;0.889721639035759;0.0335693419063699;0.06507222231963189;0.011636796738239356
28;0.9581133501147471;0.040859319303297455;0.0010273305813956709;5.566329224469425e-13
29;0.7230635720863143;0.2707006099879173;0.006235817925767328;6.214737351287169e-19
30;0.7230635720863143;0.2707006099879173;0.006235817925767328;6.214737351287169e-19
31;0.8093060496741925;0.1790603205107616;0.005945581381204415;0.005688048433840666
32;0.9448491126418856;0.03200542734927229;0.02264832144021849;0.000497138568623102
33;0.9534348429002506;0.03441448239175181;0.012150664541251287;1.0166746006024725e-08
34;0.7645160812107227;0.23343558728155267;0.0013634105297699434;0.0006849209779547866
35;0.7645160812107227;0.23343558728155267;0.0013634105297699434;0.0006849209779547866
36;0.9607105868955444;0.03903151594071469;0.0002578971637424475;2.1454434973995837e-16
37;0.734678543803518;0.06558985244693923;0.01570075724215792;0.18403084650738458
38;0.007436627876513572;0.7346582691740574;0.0244271055444746;0.23347799740495545
39;0.007436627876513572;0.7346582691740574;0.0244271055444746;0.23347799740495545
40;0.516014340982034;0.09651619949745253;0.006542681990503998;0.38092677753000864
41;0.7641381402405143;0.1885260264396851;0.006297442210693015;0.0410383911091079
42;0.8565759727939515;0.13322967069723857;0.010191825294850259;2.531213960749369e-06
43;0.9572150537165245;0.04072747486205738;0.0020574714198077298;1.609764740048994e-12
44;0.9572150537165245;0.04072747486205738;0.0020574714198077298;1.609764740048994e-12
45;0.8962331238901945;0.0751372740379166;0.02592876473708039;0.0027008373348094655
46;0.8538242437774902;0.13690842703953318;0.007044866559933726;0.0022224626230418834
47;0.023246425729135108;0.9713999764178305;0.0023922281766982833;0.0029613696763353685
48;0.7618624765857498;0.23460408201868438;0.0031286844399623388;0.00040475695560368823
49;0.9189319761910619;0.03557631251978051;0.04536078545230542;0.00013092583685326322
50;0.9571373493940691;0.03975145787159578;0.003111192617390584;1.1694375339603379e-10
51;0.0027593837308240205;0.010321699692355635;0.0084240903440359;0.9784948262327848
52;0.9361908406545386;0.039078698486054886;0.024730460445968962;4.134378053137049e-10
53;0.3541032800427833;0.035202517312823554;0.023241664860101614;0.5874525377842909
54;0.7987028600334001;0.16927375192409266;0.013486180436674634;0.018537207605832003
55;0.7678654232922387;0.22680342229068515;0.003544626641547494;0.001786527775529251
56;0.9578836875652597;0.04201169554484644;0.00010461688989368907;4.136025847773689e-22
57;0.8983831848688562;0.08283332655153859;0.01643058050592297;0.002352908073681935
58;0.007893884946562933;0.955583540301682;0.03141030360387505;0.005112271147881973
59;0.007893884946562933;0.955583540301682;0.03141030360387505;0.005112271147881973
60;0.007893884946562933;0.955583540301682;0.03141030360387505;0.005112271147881973
61;0.8313692770054684;0.08860002331948386;0.012981563632973545;0.06704913604207503
62;0.7964370413013907;0.08458320466919424;0.011892445410102023;0.10708730861931251
63;0.004194114989465299;0.8110015685570999;0.019914291239403456;0.16489002521403132
64;0.004194114989465299;0.8110015685570999;0.019914291239403456;0.16489002521403132
65;0.8726876692383749;0.08005341742245245;0.03566645226914293;0.011592461070029508
66;0.9582679040526798;0.0415908015071519;0.0001412944401652387;2.9881336726325663e-21
67;0.007484341758749171;0.9013823033166144;0.06654949008124747;0.024583864843388203
68;0.0383648417478985;0.9171379211705705;0.019555846016595043;0.024941391064936497
69;0.8389319790053121;0.16106721724773543;8.037469503386255e-07;1.2941550425396291e-23
70;0.7811113956134751;0.21295244805042626;0.005285990466782154;0.0006501658693170351
71;0.6891513064737627;0.30076884846061797;0.003214536562942401;0.006865308502677613
72;0.013855632842825497;0.9844104892199451;0.0011694506333628939;0.0005644273038663949
73;0.5846737490859303;0.21936981712336953;0.06395015416878214;0.13200627962191855
74;0.6403700938383282;0.24030950888294075;0.11048194226488176;0.008838455013850029
75;0.0027350253355473515;0.9573785289439103;0.019622364092810353;0.020264081627731814
76;0.013914054665194306;0.9747038261351471;0.0020216375620663554;0.009360481637592274
77;0.013819974842962893;0.9602302975778373;0.005683937643381289;0.020265789935818315
78;0.9816440389368407;0.013815824586111103;0.004505958048537076;3.417842850865102e-05
79;0.7760929947180951;0.006323792577530864;0.025643904128351377;0.19193930857602345
80;0.32494483796297197;0.04430833332700118;0.014087070989734822;0.6166597577202911
81;0.716146135974788;0.038787870398497154;0.02820143853646038;0.2168645550902548
82;0.004983056258524411;0.4914040696637152;0.06239793308834292;0.44121494098941766
83;0.7131982297636176;0.28526615691486246;0.0008965025450049541;0.0006391107765150039
84;0.6603520077275128;0.33844947351761645;0.00119826729545759;2.5145941262229556e-07
85;0.7968511018276392;0.20247251015971862;0.0006763804347307864;7.577911520305856e-09
86;0.35199436744765583;0.09215083661384266;0.014251445667230822;0.5416033502712716
87;0.010770613662835661;0.9890627281571027;0.00016665225257013258;5.927492460973189e-09
88;0.9499326655030412;0.032251525700478664;0.017549046143985163;0.0002667626524951567
89;0.9244315657291335;0.031018666613205532;0.04049827250800204;0.004051495149658117
90;0.001257855108521737;0.3017597447546113;0.014934294192507807;0.6820481059443597
91;0.14779865729011368;0.019449840535311284;0.011967746493011838;0.820783755681563
92;0.7605586284267829;0.222737378301345;0.0025948107952197172;0.01410918247665186
93;0.10235733546005421;0.018680083959051134;0.005658078206066166;0.8733045023748288
94;0.0007846683800794867;0.18800975528288666;0.009436830945726284;0.8017687453913077
95;0.0007846683800794867;0.18800975528288666;0.009436830945726284;0.8017687453913077
96;0.7814067718988406;0.20866724749489823;0.008839637623123519;0.0010863429831380826
97;0.7829996872129472;0.21669138384900358;0.00030892893804962884;2.3590512409414485e-17
98;0.7520694509130874;0.2400028064038507;0.005572437434244387;0.0023553052488168584
99;0.7190598122859676;0.28024027212168606;0.0006958996273811016;4.015964965510749e-06
100;0.8453194633657876;0.1476911581342651;0.0069722084757216345;1.7170024225421135e-05
101;0.9401427103816008;0.053273205158770154;0.006584084459571969;5.686972205265017e-14
102;0.942865224788578;0.032619881360462226;0.021784104874886762;0.002730788976071958
103;0.00030452574331376177;0.0752275813510837;0.004422314539568709;0.9200455783660334
104;0.0041158506055076986;0.48828725905564513;0.29992230676335263;0.20767458357549423
105;0.9365269164139514;0.05190774928991106;0.011565169119549057;1.6517658993021417e-07
106;0.9193563174354255;0.04925855165495249;0.031283544053709415;0.00010158685591477169
107;0.9369039624641123;0.029665713735811755;0.003553962351081315;0.029876361448995057
108;0.9634290737490608;0.03564293851125836;0.0009279877246926154;1.4988920355183153e-11
109;0.936023289741984;0.06066719261632749;0.0031156125475040562;0.00019390509418489913
110;0.06787715745449706;0.012372930980118236;0.0037983375965880955;0.9159515739687959
111;0.008324439030757271;0.9823605102887494;0.008810824909712573;0.0005042257707790988
112;0.9421319981864615;0.05222455879359567;0.005643363924493458;7.909544838934091e-08
113;0.9119219124839782;0.04358059576950544;0.0062654451301803575;0.038232046616335974
114;0.9300438353991048;0.06905697941013955;0.0008991838008033978;1.3899538158956936e-09
115;0.9507380357435633;0.03214056415517111;0.016618877760465518;0.000502522340799529
116;0.8944160049020493;0.09539740218413488;0.009530257124232323;0.0006563357895839697
117;0.6647597580464946;0.07800540083665138;0.05086374660226624;0.20637109451458654
118;0.6647597580464946;0.07800540083665138;0.05086374660226624;0.20637109451458654
119;0.10733577228422718;0.030633229886872632;0.014933824603434074;0.8470971732254667
120;0.7479311619373106;0.18507098482565557;0.013218111364705474;0.05377974187232861
121;0.9610237363046921;0.03414185191948008;0.004834360296148099;5.147967908847893e-08
122;0.16723220214405543;0.030442569599628613;0.009490907852764076;0.7928343204035515
123;0.03434410501231228;0.8487057496250722;0.0013726383552160955;0.11557750700739873
124;0.8206974104253674;0.1261455794306755;0.0010309273998162824;0.05212608274414096
125;0.720797621666566;0.2791382011253316;6.417225034876339e-05;4.957754048307657e-09
126;0.7481003967300239;0.11397150006334164;0.021426739388764986;0.11650136381786928
127;0.10286431507145126;0.018232802880967163;0.023412608999364117;0.8554902730482162
128;0.0003947207410411355;0.024577298696906284;0.0030811751794734494;0.9719468053825787
129;0.938485299443427;0.05900477751856417;0.0020893429509593843;0.0004205800870516275
130;0.015702844884349303;0.12978773486811615;0.15034490425962274;0.7041645159879126
131;0.8566943892374692;0.04623989863329254;0.0969104336346341;0.00015527849460612265
132;0.3937049538756957;0.06036169121071364;0.008430151304458976;0.5375032036091324
133;0.008697104772067435;0.09244061048033922;0.03905191312716769;0.859810371620425
134;0.5889626554607835;0.07793616968906363;0.3046841352496356;0.028417039600517533
135;0.08607135764170976;0.00759878318114381;0.0020071509421358464;0.9043227082350099
136;0.008594320995636782;0.2917546845569536;0.007875070163649403;0.6917759242837604
137;0.061276342223502436;0.014902938340752408;0.01278032951274978;0.9110403899229951
138;0.9025293728915241;0.07206381139005441;0.023693547550449872;0.0017132681679712502
139;0.1450518807761794;0.018492656972449353;0.028411445890472432;0.8080440163608986
140;0.556311596645516;0.04181019044597668;0.07876293324250046;0.32311527966600706
141;0.0005196822036481096;0.12063198381998494;0.032367758209215995;0.8464805757671507
142;0.060257436861659124;0.01239314548301566;0.0062051319650974785;0.9211442856902281
143;0.06454168446187379;0.02151668807922303;0.0026053368441353825;0.9113362906147665
144;0.7798248215767861;0.029336510728626697;0.15137938979338594;0.03945927790120119
145;0.7835023859525444;0.029480059983584325;0.1485477653236919;0.038469788740178194
146;0.9194571123040871;0.06636660276519625;0.009316849346058358;0.004859435584659241
147;0.0012040982469053631;0.1292918267139201;0.024221271863246848;0.8452828031759281
148;0.6966890257122729;0.11807019861522498;0.1501478240314691;0.03509295164103283
149;0.0010512969648524668;0.03475442362788594;0.0034529371544182895;0.9607413422528436
150;0.16837642114817183;0.02345473834427373;0.021398546455271505;0.7867702940522824
151;0.8995382152626223;0.04705658501240119;0.0464297348140475;0.006975464910928451
152;0.8995382152626223;0.04705658501240119;0.0464297348140475;0.006975464910928451
153;0.9539624371113393;0.038086327352075754;0.007951069234879342;1.663017050839787e-07
154;0.005229805679200367;0.18790762409167144;0.004306012618116247;0.802556557611012
155;0.038986776902835495;0.008017937765681372;0.004017202253855999;0.9489780830776269
156;0.05860365204581808;0.01205230265933681;0.006038527464565323;0.9233055178302807
157;0.8269118076280167;0.1548507319153486;0.0057576258908639995;0.012479834565770922
158;0.5872615727603078;0.10979718525495782;0.004794068655528133;0.2981471733292056
159;0.015495428293459622;0.984262469331945;0.00024210110897749694;1.2656168255451127e-09
160;0.9281837696518436;0.0371968958097708;0.03461893832734699;3.962110391093979e-07
161;0.9526001379160002;0.03840284996373402;0.008996972358651741;3.9761615308833515e-08
162;0.02169001487878628;0.9669084346182965;0.0030199962534695705;0.00838155424944773
163;0.9331441596525922;0.045882622878757114;0.020931458461734543;4.1759006914722e-05
164;0.8318951742606067;0.1659428323166525;0.0021618844035259017;1.0901921397623576e-07
165;0.0021897019892571936;0.21567088358892902;0.027774443443459893;0.754364970978354
166;0.032326025482837556;0.6350001345580388;0.0128568632432995;0.3198169767158236
167;0.7205740499940485;0.23605498035536385;0.0027143195749105105;0.04065665007567729
168;0.7017740271036527;0.2523275419014535;0.0024820989983068624;0.043416331996586136
169;0.9188307803976032;0.04929414157829184;0.03179116792188569;8.391010222145698e-05
170;0.9222614562940832;0.051670044628118764;0.026068499077755814;4.3345802940277207e-14
171;0.905440441616247;0.08399134863768491;0.010024239411433369;0.0005439703346339779
172;0.007977883597158003;0.9716206620415233;0.01921627858713385;0.00118517577418331
173;0.007977883597158003;0.9716206620415233;0.01921627858713385;0.00118517577418331
174;0.004890408453218598;0.9937155535406861;0.0008607477216214836;0.0005332902844739364
175;0.0013250757687489462;0.03159091372081742;0.002974111358590607;0.964109899151844
176;0.8707280033622987;0.10926089541615773;0.019896174343674865;0.00011492687787098725
177;0.9155514389441645;0.044769369105849985;0.03948819676822347;0.00019099518176202138
178;0.793810034556641;0.20160549412577816;0.004010201123046355;0.000574270194534038
179;0.006849197177633573;0.6765070920906457;0.08435914351735634;0.2322845672143636
180;0.006849197177633573;0.6765070920906457;0.08435914351735634;0.2322845672143636
181;0.023791867969108954;0.9714720003192946;0.0038241684858304164;0.0009119632257657749
182;0.08925731162381836;0.8499420772580992;0.0588100680307609;0.001990543087319806
183;0.08402695624349725;0.2754082164693944;0.05365695976562;0.5869078675214882
184;0.08402695624349725;0.2754082164693944;0.05365695976562;0.5869078675214882
185;0.9425587155022952;0.03218995708065746;0.02510258450081692;0.00014874291623056678
186;0.9108139938121372;0.08914582320378896;4.018298166653572e-05;2.4072210989154634e-12
187;0.8593357520531437;0.039299736301761215;0.04400203612755619;0.05736247551753805
188;0.8446995652850352;0.05506799870008298;0.01958916295948776;0.08064327305539393
189;0.8079462849848295;0.18969761375805583;0.002356098371044344;2.8860721648519303e-09
190;0.006452128511127941;0.7658588008034243;0.04757966961607264;0.1801094010693747
191;0.006452128511127941;0.7658588008034243;0.04757966961607264;0.1801094010693747
192;0.8910861091146369;0.1055581546048456;0.003328970153766472;2.6766126751343515e-05
193;0.00458963719696657;0.9899178326819901;0.005452220221953058;4.03098990894912e-05
194;0.6552481524266738;0.1956265946942932;0.0077009323315794425;0.14142432054745444
195;0.9473290147692104;0.04702883672114776;0.005639725873420813;2.4226362211992703e-06
196;0.865724513771019;0.1288771415579119;0.003303070117213318;0.0020952745538560355
197;0.008042267842024931;0.9697166625076954;0.017030344837926537;0.0052107248123522045
198;0.008042267842024931;0.9697166625076954;0.017030344837926537;0.0052107248123522045
199;0.7572449192946099;0.24050950172289032;0.0022435343415953516;2.0446409037658475e-06
200;0.6832583560780356;0.1686871834334905;0.14796547560783527;8.89848806386386e-05
201;0.8987468879098969;0.047426263467251095;0.051893361229769626;0.0019334873930822636
202;0.0050080461643150515;0.015063418435596535;0.003272435777762801;0.9766560996223259
203;0.030818864980042705;0.14009912108364647;0.007173396254839629;0.8219086176814714
204;0.10591414191925057;0.013883148381643933;0.0041736014451455574;0.8760291082539601
205;0.04000223221842682;0.0066857742712098135;0.014160226617973132;0.9391517668923902
206;0.027902737004658864;0.8028716676447063;0.009140407653777292;0.160085187696858
207;0.034175975962553;0.007020708002397566;0.0035627162506771093;0.955240599784373
208;0.051543363325586226;0.010588458505674704;0.005373200704958097;0.9324949774637811
209;0.0008229285950643811;0.0009587986812521867;0.0030870459015485277;0.9951312268221347
210;0.8830467875833592;0.03790457920993009;0.016913729190605024;0.062134904016105934
211;0.8830467875833592;0.03790457920993009;0.016913729190605024;0.062134904016105934
212;0.0764082920074819;0.004138909520983006;0.004811897659483533;0.9146409008120508
213;0.12344141463372955;0.023259088283797698;0.008119186704850297;0.8451803103776222
214;0.13271809553244696;0.024694475379367867;0.0038697663611251417;0.8387176627270605
215;0.02007823936091297;0.39431650155041487;0.013926958491375915;0.5716783005972962
216;0.8426864624055352;0.12384922571278734;0.005627778885003539;0.02783653299667401
217;0.0075419892544675285;0.8978077154824248;0.027955273725449047;0.0666950215376581
218;0.0075419892544675285;0.8978077154824248;0.027955273725449047;0.0666950215376581
219;0.7152062717568101;0.03212102938146234;0.08839286638272045;0.16427983247900707
220;0.19008941948448987;0.08210271224759386;0.003383657238093305;0.7244242110298237
221;0.6368462391010637;0.36309281073745703;6.0949398828894005e-05;7.626498356433586e-10
222;0.7138568100775324;0.04403978450237618;0.04672617224103795;0.1953772331790541
223;0.9654458131350794;0.013690537334570275;0.020816372160333625;4.727737001593257e-05
224;0.7613335952288213;0.14639467656476526;0.017145974534545305;0.07512575367186804
225;0.34765577333184416;0.077685711294837;0.02506694024214151;0.5495915751311767
226;0.0057287798826787875;0.46264549191302073;0.007529582505309479;0.524096145698991
227;0.013052342770669377;0.9070542426689615;0.005358367936473229;0.07453504662389601
228;0.12627114383857949;0.017175404698840695;0.0056167753308315254;0.8509366761317486
229;0.7330498484845475;0.08943879854137593;0.008998297985162393;0.16851305498891386
230;0.005946112893989426;0.5876188840867497;0.04051042919457778;0.36592457382468324
231;0.030132718290313464;0.5910806302491979;0.011768580476834127;0.367018070983654
232;0.030132718290313464;0.5910806302491979;0.011768580476834127;0.367018070983654
233;0.11912529492353166;0.004661240342873448;0.005039474025482086;0.8711739907081137
234;0.9158280656469394;0.05468155263010375;0.02949038172014745;2.8098500385422668e-12
235;0.7716405201398071;0.04075249201624832;0.18187918762378275;0.005727800220162408
236;0.0021206290401904345;0.06969920517895073;0.001783722134663979;0.9263964436461942
237;0.9498351313337892;0.04918755154319949;0.0005554552254336278;0.0004218618975779326
238;0.060467845781197745;0.03645791076741824;0.05019680644727835;0.852877437004106
239;0.8402248220838322;0.15912147509998315;0.0005416941738760664;0.00011200864230898335
240;0.9524096029131103;0.04751245078199854;7.793098898049786e-05;1.5315912042019747e-08
241;0.9685180736912189;0.010214035646685956;0.02126746610674436;4.245553489623091e-07
242;0.9300476540178398;0.06483323218197166;0.005119111059130527;2.74105691904514e-09
243;0.8960372631015908;0.10297711199473616;0.0009855962405306564;2.8663142310130505e-08
244;0.8613369187597497;0.1372783324195638;0.001384716240125406;3.2580560141771244e-08
245;0.007711677871526982;0.9787911356323669;0.0134971798505837;6.645523990113744e-09
246;0.7601871408830616;0.20472776018586278;0.018733578474490323;0.016351520456585507
247;0.7398864121164489;0.2568802950255986;0.003232978082057778;3.1477589585708326e-07
248;0.013784777341027262;0.9674670317186325;0.004236840409773571;0.014511350530566892
249;0.9395893509186605;0.01786833212628602;0.024261168379347664;0.018281148575704887
250;0.014291496631622975;0.005078836791153204;0.0003328429263526789;0.9802968236508713
251;0.7755199780598049;0.1919541142733872;0.00666319411751058;0.025862713549297405
252;0.7755199780598049;0.1919541142733872;0.00666319411751058;0.025862713549297405
253;0.8244739556189141;0.05534977368842813;0.1201762706926599;8.02396617341883e-20
254;0.9362911412374731;0.05977698893254116;0.0039318698299831735;8.191090563272417e-18
255;0.42290217209841474;0.1707798741666879;0.010485464897487006;0.3958324888374104
256;0.48079553296647404;0.08637313183734364;0.020807036324689904;0.4120242988714921
257;0.9018546676951494;0.05837296597623757;0.039772366328613896;9.225629438080918e-18
258;0.9420728183123187;0.05385906917383368;0.0040681121083844035;4.054615242989005e-10
259;0.601055039186084;0.3979947097802343;0.000950251033681954;1.060172632848932e-18
260;0.7079448157540157;0.2891999595180959;0.002855224727886085;1.351886998532785e-18
261;0.001858014816705419;0.9965116379447594;0.001630347238531995;8.773439811236363e-19
262;0.009301591948884204;0.9902305217833482;0.00046788626776669845;8.692980858571192e-19
263;0.9314622618370827;0.043679083601403754;0.02485410740707707;4.5471544386031895e-06
264;0.9268795437367442;0.035192112017886634;0.03560479497478812;0.002323549270580976
265;0.5100835502979122;0.12679529281630125;0.015182345923072719;0.34793881096271356
266;0.8428637468542907;0.14501857977029187;0.011778530499383148;0.0003391428760345645
267;0.9726581026802804;0.0188918653797764;0.008450031901852579;3.80924059193758e-11
268;0.9860568482561568;0.011595826493984489;0.0023473252498544274;1.2395558870473438e-15
269;0.9286893738054621;0.06957999324954824;0.0017283372664943619;2.2956784965605984e-06
270;0.056206271315945695;0.938920767440698;0.004864256374878067;8.704868477331839e-06
271;0.5111475676084702;0.19103967863710547;0.06147951104268025;0.23633324271174486
272;0.2250320226029238;0.1840563750377655;0.0275031757206809;0.5634084266386296
273;0.0015817960892615592;0.7761794816811124;0.041392785475378;0.18084593675424823
274;0.0007163943207759081;0.4746291044193305;0.04863249207458976;0.4760220091853039
275;0.0037483133287893543;0.4929575095544001;0.01459793391182799;0.4886962432049824
276;0.6267904848404042;0.15380542473850645;0.013293887270174155;0.20611020315091486
277;0.6267904848404042;0.15380542473850645;0.013293887270174155;0.20611020315091486
278;0.6944692310464223;0.10380963373394303;0.03929234422502588;0.16242879099460855
279;0.9341872017297812;0.03193785279312365;0.033706374718733494;0.00016857075836209742
280;0.9480724661557763;0.05133998228683867;0.000587551557378734;7.712135445857728e-30
281;0.9374473355410957;0.03859396591648322;0.023958694876761215;3.665660456351091e-09
282;0.9405018490265199;0.03301041925863842;0.026161605021581207;0.00032612669326037195
283;0.8572945763661869;0.12598135177995617;0.0027687229894262483;0.013955348864430693
284;0.03907568207778084;0.9232062233184113;0.0040152714005353566;0.03370282320327298
285;0.03907568207778084;0.9232062233184113;0.0040152714005353566;0.03370282320327298
286;0.9594265982605636;0.03327097647226459;0.007298691361471409;3.7339056984216874e-06
287;0.874819636510833;0.12218576955968947;0.0029944705572795202;1.2337219675401202e-07
288;0.9505285436243567;0.04750227502195169;0.001969179618276471;1.7354148048795035e-09
289;0.9546278544007412;0.044954990844589524;0.00041715475466673046;2.8564407218805685e-20
290;0.943945958457805;0.041760117138469076;0.014293924403702581;2.167161790507177e-14
291;0.8524239102820658;0.14289076373369475;0.00466187135742599;2.3454626813522533e-05
292;0.8438328295977572;0.12439763542423946;0.004372486930048932;0.027397048047954484
293;0.9469296515441674;0.05073857710105279;0.0023317713547532774;2.9129504328543937e-14
294;0.9389361534411785;0.050559462087569014;0.010504384471195293;5.947420823360423e-14
295;0.003247217173014972;0.9910796189088512;0.005647039192567882;2.612472556725617e-05
296;0.003247217173014972;0.9910796189088512;0.005647039192567882;2.612472556725617e-05
297;0.7570811091512452;0.2407925454948093;0.002126337717021319;7.636924803408563e-09
298;0.7570811091512452;0.2407925454948093;0.002126337717021319;7.636924803408563e-09
299;0.7865953752365327;0.213312862499012;9.176226445429686e-05;1.0629511241191738e-20
300;0.9434017794039306;0.05622833832711379;0.00036988226895507656;3.0520951436392193e-20
301;0.013952215094221027;0.9860274848130515;2.0300092724774943e-05;9.227318768286672e-21
302;0.9359450599909148;0.060729955500381634;0.0031605225446657056;0.00016446196403745728
303;0.8763053032110971;0.12108287770761059;0.0026112158397889485;6.032415041493307e-07
304;0.008314879307630483;0.9823296028830021;0.008928310609480329;0.00042720719988654523
305;0.008314879307630483;0.9823296028830021;0.008928310609480329;0.00042720719988654523
306;0.6669348631419117;0.3329707358165731;9.440104147551052e-05;3.9103385687967875e-14
307;0.19112061661229146;0.7520067043897163;0.0054416686410537094;0.05143101035693821
308;0.0025625061431238396;0.022599205838654456;0.030383150272494674;0.944455137745727
309;0.8825841426096983;0.0296197313376307;0.08001445829210233;0.007781667760568679
310;0.9257494491923547;0.061292614552976965;0.012931356337940422;2.6579916726607474e-05
311;0.00846001476430149;0.16559012115421914;0.010036100748747308;0.815913763332732
312;0.007936565333711036;0.9567444606691703;0.03525234546475992;6.66285323581762e-05
313;0.9146349879508513;0.0852139575487991;0.00015105449962943385;7.188423629989257e-13
314;0.5668572125178913;0.4301079885146772;0.0030347989674309756;6.037428919949909e-18
315;0.5049130107532026;0.08010878223922716;0.01196905799727194;0.40300914901029805
316;0.00015855313790804997;0.0378049618199923;0.002006284978211898;0.9600302000638883
317;0.00015855313790804997;0.0378049618199923;0.002006284978211898;0.9600302000638883
318;0.8214055902269713;0.07108241871181886;0.004830949606446999;0.10268104145476337
319;0.8464326509132946;0.15356597090482624;1.3781818735117991e-06;3.623603428940573e-29
320;0.7265745567111762;0.2730408459236729;0.0003845973651485314;9.470631595989348e-21
321;0.7265745567111762;0.2730408459236729;0.0003845973651485314;9.470631595989348e-21
322;0.7011494523808559;0.14690400072358067;0.01577864701334179;0.13616789988222222
323;0.91164968477864;0.08268261751672275;0.00566769770463859;1.6252532342175634e-16
324;0.9512956200152406;0.03838161081985331;0.01032276916490501;1.5527424767919925e-16
325;0.7354015383148288;0.08999530759807989;0.006998797871550481;0.1676043562155411
326;0.0036793874033108497;0.10793808307188056;0.006483095063699459;0.8818994344611085
327;0.09028289246011184;0.9055308186574879;0.004186288882402716;3.844337936989844e-22
328;0.8200351699146465;0.12064784670715815;0.011462773061732698;0.047854210316462364
329;0.006966314179180823;0.8301571230321776;0.054046441392054126;0.10883012139658722
330;0.035472757294928464;0.8390696485064938;0.01577651484042855;0.10968107935814897
331;0.7856955374300599;0.19461005099460618;0.004409345542690492;0.015285066032643572
332;0.7856955374300599;0.19461005099460618;0.004409345542690492;0.015285066032643572
333;0.953014670927506;0.036086418384125754;0.010898910684107397;4.260438193362245e-12
334;0.8435391605003019;0.13774824432903934;0.014038296763660982;0.004674298406997871
335;0.025953622438502823;0.9449505219286712;0.020085415283045506;0.00901044034978101
336;0.9389427500014171;0.06105259215733935;4.657841247608057e-06;2.012224824393103e-30
337;0.9481121680573862;0.03413797991488532;0.017746144374557408;3.7076531729617873e-06
338;0.9529999502989885;0.04149863090709708;0.005501418793916233;6.864732322566626e-20
339;0.007784566592159904;0.9785587839109665;0.013651352344307746;5.297152563964678e-06
340;0.9263712111596469;0.06363736913411852;0.009991419706230693;1.6765124019280925e-22
341;0.8782795052481491;0.1217042583074139;1.623644443553015e-05;1.6355920720520358e-28
342;0.2731739466502753;0.09414739922634957;0.0033512107516510377;0.6293274433717232
343;0.038614124618234685;0.008303888302534864;0.004485024737861993;0.9485969623413695
344;0.7084333034065784;0.28395463981768365;0.007612054399497417;2.3762421720831634e-09
345;0.9185073962775865;0.035587076816604654;0.04578860061098972;0.00011692629482147919
346;0.7804075479878244;0.1998053322207091;0.016456340219781544;0.00333077957168572
347;0.9591294208023349;0.03472199792956106;0.00614857805607418;3.2120315702373234e-09
348;0.956471069249232;0.03389826231576255;0.009630517531459274;1.509035449051186e-07
349;0.0002452729567225585;0.058468431989389544;0.003111225105827323;0.9381750699480607
350;0.00021276988246059868;0.05070539930926248;0.0027072097610114742;0.9463746210472656
351;0.017438263275817805;0.9798326778635866;0.002729058859672157;9.211894389385666e-13
352;0.7383304641705858;0.25803790617912553;0.0036316296495526442;7.361179621235812e-13
353;0.9228474779668187;0.031205039598830496;0.044647362716363825;0.001300119717986488
354;0.9149547465103428;0.046156846363606854;0.03888839953516989;7.59088103271145e-09
355;0.9024074941628693;0.07212192383213697;0.023979276098171316;0.001491305906822375
356;0.9419543962307716;0.03288297372182974;0.02443784985010325;0.0007247801972945189
357;0.000477815616866751;0.1180843232794029;0.00690913975376475;0.8745287213499661
358;0.008013073736208373;0.991354111872266;0.0006296754014475156;3.1389900795679784e-06
359;0.9067876846547839;0.045061254957983486;0.048133443830573955;1.7616556658637637e-05
360;0.6977757451819053;0.05236809933732466;0.018198468827126286;0.23165768665364342
361;0.005338973529857975;0.5260694599318702;0.03029470978210428;0.4382968567561678
362;0.005338973529857975;0.5260694599318702;0.03029470978210428;0.4382968567561678
363;0.6900652064696812;0.30911851629930126;0.0007902889880582071;2.598824295711706e-05
364;0.00274365545476812;0.9954847404404301;0.0017439426675737064;2.7661437227423153e-05
365;0.00274365545476812;0.9954847404404301;0.0017439426675737064;2.7661437227423153e-05
366;0.013687743921934501;0.9857861889670373;0.0004987542149423886;2.731289608548086e-05
367;0.0007841997157674042;0.02598256882634292;0.0025164137827656105;0.9707168176751245
368;0.3734783135941373;0.13168181921023175;0.10402850876424159;0.39081135843138903
369;0.3600853734526978;0.1269373048939138;0.10048250558689026;0.4124948160664974
370;0.0004727532748557457;0.1974204642907532;0.0048756074081244315;0.7972311750262667
371;0.002897244691958895;0.9873782520727933;0.003088007994755329;0.006636495240489797
372;0.8528448820339437;0.14502802491967187;0.0021259448036626354;1.1482427234742471e-06
373;0.007136671767092694;0.9829869522017796;0.009873803753984388;2.572277143635719e-06
374;0.6801832396954439;0.16674042827682312;0.007973904966839298;0.1451024270608941
375;0.38843203214448124;0.13337894061529068;0.025051414777185702;0.4531376124630428
376;0.9467581239013165;0.05296666535315107;0.00027521074553098657;7.591015723366789e-41
377;0.9639264394115175;0.033024429915025105;0.0030383062089524866;1.082446450549108e-05
378;0.8854813891082657;0.0927924835348485;0.010045651362555141;0.011680475994330293
379;0.0002538400542600559;0.010980612689765646;0.00018972594232165196;0.9885758213136534
380;0.7394118888724176;0.02425634421919781;0.04999891351310564;0.1863328533952794
381;0.16557887560567344;0.030166433238171454;0.009316843881934614;0.7949378472742196
382;0.833067214390461;0.11472560089384856;0.002489873902071653;0.04971731081361772
383;0.9891865666500991;0.010313641666017613;0.0004997296381723516;6.204571154653781e-08
384;0.8557225992542988;0.14002575224898994;0.003430295617517448;0.0008213528791942879
385;0.6131510125215558;0.09766581103244602;0.015291725476144534;0.273891450969853
386;0.0046142213792826495;0.13541801041697124;0.004490435083003248;0.8554773331207424
387;0.026503562713568758;0.9669620590718747;0.004940563294752839;0.0015938149198017233
388;0.003327878370258906;0.9914961529211068;0.004242001292751539;0.0009339674158837354
389;0.026503562713568758;0.9669620590718747;0.004940563294752839;0.0015938149198017233
390;0.6619525570207649;0.3355338202136724;9.416672724418231e-05;0.0024194560383190055
391;0.18572937071747642;0.03861963085386426;0.07520225326714743;0.7004487451615117
392;0.8875288301752947;0.05782611799409594;0.009893322934411015;0.04475172889619937
393;0.007250752905616801;0.8601483281987636;0.025700858230468023;0.10690006066515119
394;0.007250752905616801;0.8601483281987636;0.025700858230468023;0.10690006066515119
395;0.7449313164300575;0.08535567981990282;0.003151573863980408;0.16656142988605863
396;0.932898711766169;0.06687862986339543;0.00022265814430493653;2.261305782898288e-10
397;0.8611134648401279;0.13876878451712357;0.00011775041476989805;2.2797871236174216e-10
398;0.0075985963721095;0.9918247132860483;0.0005766898032935577;5.385495578232317e-10
399;0.0075985963721095;0.9918247132860483;0.0005766898032935577;5.385495578232317e-10
400;0.03715655021633493;0.9626817915763738;0.00016165768607496144;5.212167869927147e-10
401;0.7911111559784575;0.16667167591361948;0.009258974022228958;0.03295819408569416
402;0.7911111559784575;0.16667167591361948;0.009258974022228958;0.03295819408569416
403;0.9362822277263094;0.060395536631245535;0.002930970082403463;0.0003912655600410381
404;0.9000415761634125;0.08045311082480225;0.01738326780204102;0.002122045209744381
405;0.00025789685767468076;0.06155371720429007;0.0032295490149713154;0.9349588369230636
406;0.008363587391810924;0.982289133096961;0.008325340591375444;0.0010219389198520116
407;0.89050344883544;0.07614261097582603;0.033206615185262016;0.00014732500347204488
408;0.89050344883544;0.07614261097582603;0.033206615185262016;0.00014732500347204488
409;0.04209442697391545;0.9379873122317641;0.019577432288718152;0.00034082850560287196
410;0.04209442697391545;0.9379873122317641;0.019577432288718152;0.00034082850560287196
411;0.04209442697391545;0.9379873122317641;0.019577432288718152;0.00034082850560287196
412;0.6550148671562936;0.20656284522410295;0.0021895399851605407;0.1362327476344434
413;0.4699554001425695;0.16864802425660352;0.02208613190379073;0.33931044369703595
414;0.9578867836978865;0.041790204256277816;0.0003230120458282378;4.5672284925786776e-15
415;0.9578867836978865;0.041790204256277816;0.0003230120458282378;4.5672284925786776e-15
416;0.8835077314114075;0.11475926507913017;0.0017329638168594856;3.969260112540286e-08
417;0.9176757073215582;0.06040539195359013;0.01167083127101625;0.010248069453835763
418;0.8481668715020084;0.07742515303106064;0.04350283054007179;0.03090514492685951
419;0.007356131484167276;0.8816264890350082;0.06142290357510118;0.0495944759057238
420;0.007356131484167276;0.8816264890350082;0.06142290357510118;0.0495944759057238
421;0.6877703621844308;0.03253183195699052;0.008545143444029677;0.2711526624145491
422;0.9481390560268953;0.04555712589212241;0.006303675840990031;1.4223999125104654e-07
423;0.07472718001775411;0.004048798990638262;0.004694512454666736;0.9165295085369405
424;0.2079594602460955;0.17915136338888504;0.013605837791860207;0.5992833385731596
425;0.9567492495650269;0.03565095563197475;0.0032789084092493307;0.004320886393749512
426;0.9447611269255836;0.0549581726590927;0.00028070041358782495;1.7369867307971404e-12
427;0.7275479898770417;0.2682683102501916;0.004182860373274572;8.394994910813409e-07
428;0.7607778605986811;0.2356798638792798;0.003375243060469778;0.0001670324615700039
429;0.7825862341039588;0.20376615466352788;0.010960763611446787;0.0026868476210669483
430;0.0041531521883172145;0.9613480568750695;0.030313266087566022;0.004185524849047851
431;0.7416557925669924;0.2583441764391756;3.0992050622899685e-08;1.7804220866196825e-12
432;0.6693682302697649;0.02491306912266636;0.09539495976943495;0.21032374083813363
433;0.7015880670943612;0.11878860748995898;0.054471878560277305;0.1251514468554022
434;0.8221415666186769;0.17752035047225007;0.00033800246297799774;8.044609640377183e-08
435;0.8218044164939616;0.17354569424291813;0.004611252138132916;3.8637124986977144e-05
436;0.9877187107547808;0.010340827382177077;0.0019403372836158594;1.2457942752471e-07
437;0.8367855470754705;0.02743937849500319;0.027259728988800115;0.10851534544072572
438;0.837247569153527;0.038729015932525056;0.10253235028297823;0.021491064630969843
439;0.6450881691926388;0.14230525541826747;0.011191581779709737;0.20141499360938428
440;0.8100063806432007;0.041874978678407476;0.07412959438429363;0.07398904629409934
441;0.8100063806432007;0.041874978678407476;0.07412959438429363;0.07398904629409934
442;0.974073149606296;0.017109760909671732;0.008817089484035472;2.5850678089534255e-20
443;0.4783804002242671;0.037677778345615726;0.005752569239186697;0.4781892521909318
444;0.9538347147736013;0.035937342411750374;0.010227942805743191;8.90512612655942e-12
445;0.8713057254033056;0.054794000789668576;0.008382184044062437;0.06551808976296367
446;0.007115048819612429;0.8146836562287684;0.021765533336521613;0.15643576161509692
447;0.7247225708067037;0.275227517139147;4.991205414649716e-05;2.27610889696276e-22
448;0.023147337407061153;0.9762870571518506;0.0005656009748144382;4.466272271960448e-09
449;0.8107263129723337;0.17432639852121953;0.005031852781787455;0.009915435724658509
450;0.9052922085482898;0.05270845233015988;0.04199933912155203;1.473019736630858e-16
451;0.8575771474476858;0.12604511637916174;0.002775937910506689;0.013601798262645995
452;0.03910276479031844;0.92400912001702;0.004027197434039535;0.032860917758621565
453;0.03910276479031844;0.92400912001702;0.004027197434039535;0.032860917758621565
454;0.7188356474511809;0.19154115471962987;0.015444495146926121;0.0741787026822633
455;0.961487743965942;0.03398398170107648;0.0045281648913059825;1.0944167495883377e-07
456;0.8125335098726736;0.1811436900997295;0.004925195711812765;0.001397604315783569
457;0.9443046697657002;0.05559438372259535;0.00010094651170215094;3.5496734405942643e-22
458;0.9471389044872179;0.046395673176360494;0.0064652821106375375;1.4022578485711207e-07
459;0.9622643190818456;0.03572991242055793;0.0020057684795308575;1.806482069793501e-11
460;0.9339052158350174;0.0651787730759004;0.0009160106828315471;4.062499396338134e-10
461;6.670266485347269e-05;0.020211313006550696;0.007851484054179396;0.9718705002744171
462;0.007789100337274051;0.9897815500593803;0.0024293486126373953;9.907071664942719e-10
463;0.9651651825403673;0.03476011013411389;7.470723610251712e-05;8.941759851936662e-11
464;0.9600921022691116;0.039495770045756315;0.0004121276851324664;2.7677568851982013e-19
465;0.9444153052748967;0.05558454724769409;1.4747741086771132e-07;5.436010316977156e-25
466;0.770812386570112;0.18436452292573688;0.003272141930755297;0.04155094857339605
467;0.8028846391869422;0.1342074490858975;0.015969528207122215;0.04693838352003877
468;0.8028846391869422;0.1342074490858975;0.015969528207122215;0.04693838352003877
